1 220147
1 410006
1 413620
1 442030
1 451187
1 461006
1 
1 413626
1 420902
1 410038
1 413761
1 
1 451195
1 417818
1 433038
1 
1 442039
1 249406
1 414381
1 414382
1 447226
1 
1 409644
1 409854
1 461013
1 446983
1 234430
1 
1 
1 470787
1 446986
1 409859
1 443103
1 414488
1 
1 460943
1 457392
1 414385
1 389540
1 447235
1 389541
1 230792
1 
1 
4 476502
1 443129
1 442983
1 476097
1 426799
1 446804
1 476098
1 423831
1 452827
1 405317
1 438808
1 414394
1 416901
1 426806
4 476501
1 470811
1 447391
1 394666
1 438812
1 227287
1 426809
1 402031
1 457166
1 451177
1 405111
6 476503
1 433159
1 442024
1 405410
1 
1 
1 409642
1 435419
1 
1 420952
1 430836
1 383425
1 435412
1 450649
1 413655
1 
1 453009
1 426910
1 446792
1 413580


